10000010
00000001
01001101
01001000
00000001
10000010
00000001
01101001
01001000
00000001
10000010
00000001
01101110
01001000
00000001
10000010
00000001
01100101
01001000
00000001
10000010
00000001
00100000
01001000
00000001
10000010
00000001
01111001
01001000
00000001
10000010
00000001
01101111
01001000
00000001
10000010
00000001
01110101
01001000
00000001
10000010
00000001
01110010
01001000
00000001
10000010
00000001
00100000
01001000
00000001
10000010
00000001
01100011
01001000
00000001
10000010
00000001
01101111
01001000
00000001
10000010
00000001
01101001
01001000
00000001
10000010
00000001
01101110
01001000
00000001
10000010
00000001
00100000
01001000
00000001
10000010
00000001
01101001
01001000
00000001
10000010
00000001
01101110
01001000
00000001
10000010
00000001
00100000
01001000
00000001
10000010
00000001
01110010
01001000
00000001
10000010
00000001
01101111
01001000
00000001
10000010
00000001
01101111
01001000
00000001
10000010
00000001
01101101
01001000
00000001
10000010
00000001
00100000
01001000
00000001
10000010
00000001
01000101
10000010
00000010
00011110
10101000
00000001
00000010
10000010
00000010
00110000
10101011
00000001
00000010
01001000
00000001
10000010
00000001
11010000
10000010
00000010
00110110
10101000
00000001
00000010
10000010
00000010
00100001
10101011
00000001
00000010
01001000
00000001
10000010
00000001
11010000
10000010
00000010
01111001
10101000
00000001
00000010
10000010
00000010
01101000
10101011
00000001
00000010
01001000
00000001
00000001
