10000010
00000001
01000110
01001000
00000001
10000010
00000001
01101001
01001000
00000001
10000010
00000001
01101110
01001000
00000001
10000010
00000001
01100100
01001000
00000001
10000010
00000001
00100000
01001000
00000001
10000010
00000001
01110100
01001000
00000001
10000010
00000001
01101000
01001000
00000001
10000010
00000001
01100101
01001000
00000001
10000010
00000001
00100000
01001000
00000001
10000010
00000001
01110011
01001000
00000001
10000010
00000001
01101110
01001000
00000001
10000010
00000001
01101001
01001000
00000001
10000010
00000001
01110100
01001000
00000001
10000010
00000001
01100011
01001000
00000001
10000010
00000001
01101000
01001000
00000001
10000010
00000001
00100000
01001000
00000001
10000010
00000001
01101001
01001000
00000001
10000010
00000001
01101110
01001000
00000001
10000010
00000001
00100000
01001000
00000001
10000010
00000001
01110010
01001000
00000001
10000010
00000001
01101111
01001000
00000001
10000010
00000001
01101111
01001000
00000001
10000010
00000001
01101101
01001000
00000001
10000010
00000001
00100000
01001000
00000001
10000010
00000001
11110111
10000010
00000010
00010101
10101000
00000001
00000010
10000010
00000010
00100010
10101011
00000001
00000010
01001000
00000001
10000010
00000001
01111111
10000010
00000010
11110110
10101000
00000001
00000010
10000010
00000010
01000100
10101011
00000001
00000010
01001000
00000001
10000010
00000001
00111111
10000010
00000010
10100010
10101000
00000001
00000010
10000010
00000010
00011010
10101011
00000001
00000010
01001000
00000001
00010011
